0.0449482
0.499178
1.00638
2.3454
0.304752
0.344884
0.941922
0.251287
0.7421
0.531732
1.83009
2.12477
10.4552
0.458182
0.121826
0.522307
1.44595
1.63555
0.344252
1.6535
2.79438
0.730355
1.6312
1.76964
0.422168
1.01788
1.17201
1.67325
1.12259
1.10572
0.174182
1.5508
3.5818
0.499744
2.62045
0.164566
0.164624
0.275219
0.447021
0.156946
1.22907
3.20615
1.32863
4.16403
0.288108
0.851098
3.10988
0.757911
0.249343
20.7238
0.73553
0.500317
0.470165
2.84345
3.81796
1.02773
2.10046
1.00553
0.418788
0.327907
0.461578
0.465489
4.40082
2.20472
0.304542
0.804241
0.766973
13.0684
2.72735
1.67071
0.440072
1.54056
0.870458
0.672008
6.26284
1.34598
0.449544
0.806162
0.169276
6.38516
1.16433
0.299962
1.94007
0.380874
3.00021
0.362486
0.599442
2.51836
1.69053
2.38342
0.666639
5.50417
0.0982901
0.504067
0.804076
0.0590085
0.192508
0.534579
0.171236
0.167563
0.370924
0.300885
0.876865
0.840568
0.126401
4.42206
0.332819
0.451975
3.33307
0.914657
1.70066
0.717528
0.346774
0.331606
0.469873
0.174453
0.257374
0.458329
1.01383
0.213718
2.46989
0.169906
0.451246
0.881089
3.11264
2.71361
2.14746
5.53726
2.15709
0.295521
0.231542
0.169482
3.36529
1.41768
1.83098
1.45869
3.68952
0.253977
2.47171
0.684695
2.29666
3.00585
0.616985
1.87719
1.16492
6.66458
0.990508
0.361895
1.39153
1.6991
4.16952
1.7135
0.757705
0.983869
15.4969
1.35146
2.97541
0.327061
1.04059
2.10498
0.25107
5.93173
0.527895
0.348903
0.755228
8.6929
0.809621
0.335529
1.08691
3.27662
1.172
0.663077
12.6014
0.124971
1.85739
3.68898
3.92534
0.945494
0.543005
1.90044
1.02654
2.9829
0.71489
2.00252
0.468438
0.210508
5.22056
0.184259
5.8943
0.687587
1.57877
0.456118
0.214288
1.66238
1.36735
0.12028
1.61018
3.86217
0.789325
4.84209
0.517367
0.299626
1.33923
4.28001
0.611379
19.8742
0.23842
1.5185
0.558224
1.45615
0.0730085
0.211981
0.429505
0.330534
0.981566
0.118915
0.642004
0.52054
2.56397
7.587
0.392828
0.381335
3.74015
4.65759
0.619034
1.00767
1.21971
0.453502
0.991809
0.464049
0.246397
0.210312
1.08967
0.156426
0.117236
0.430068
0.761464
2.01419
1.44481
4.07999
1.351
0.124209
3.47164
3.13272
0.925492
0.454711
0.586186
0.27903
0.133667
0.27373
0.448001
1.16605
0.256776
1.09209
0.618877
0.472318
0.117878
1.75571
0.909183
0.654089
0.170534
4.90513
2.71428
0.298784
0.39257
2.02276
2.25463
1.18556
1.35449
0.231121
1.1024
0.806372
0.29015
1.14556
2.4471
0.980808
0.560859
1.25632
0.614671
6.77513
2.25156
1.61875
2.94801
1.63456
0.249764
0.32953
3.21284
3.43553
1.84337
1.46136
0.380832
4.08208
0.879694
3.03637
2.13082
3.77208
1.25
0.862005
7.7035
0.283786
0.279506
0.843992
0.452401
1.07175
0.601155
0.522679
1.87235
1.28767
1.21367
0.766028
0.768085
1.89516
0.0504118
0.973288
0.862278
1.9747
0.977527
0.849601
9.65585
0.662425
1.2302
2.26217
0.606624
0.644981
0.857446
0.788942
5.84794
0.291186
1.1331
0.889436
0.321603
0.369062
0.933932
2.79598
0.613016
0.990838
2.33081
4.54504
2.45229
0.634915
2.56839
1.49579
3.30629
0.33385
2.25871
0.804699
2.22509
0.308825
0.415511
2.11446
3.33412
3.44
1.33929
2.2596
0.302976
1.06641
10.3782
0.394368
2.02851
0.77187
0.616301
0.969412
4.16721
0.493603
0.581603
0.597474
2.58036
0.593674
4.93532
0.724644
2.73065
1.7984
3.6746
0.356191
0.541923
0.999362
0.689828
1.9457
3.23981
0.796571
0.305849
0.160175
0.55683
1.16421
1.24648
3.80779
2.05991
6.70225
5.88889
1.31419
1.15311
0.758439
2.93847
1.93189
0.22687
3.929
0.129336
0.215419
3.75153
0.211994
0.359127
0.790849
0.500784
0.751352
3.91266
0.437021
0.901628
0.162101
1.92563
0.676271
1.24559
0.363764
3.99456
0.345079
0.375559
0.663851
2.79239
3.40264
0.613069
3.59315
1.10922
1.49416
3.35702
1.35592
8.39192
0.0701153
0.224947
2.25461
0.226546
1.65451
0.684691
3.90612
0.244091
0.895458
0.301284
1.28878
1.65443
1.72501
7.88641
0.549878
5.00174
0.693254
0.359653
1.91471
1.51134
0.622036
0.347416
0.247347
0.974605
0.978394
0.637287
0.581767
0.232476
3.98052
0.446977
1.8182
0.659281
4.31797
1.23125
3.24401
0.524035
0.42498
1.30557
1.72876
0.241876
2.02386
0.755246
1.41012
0.829008
0.446871
0.347937
0.625677
0.36905
0.836384
0.664638
2.14519
10.1117
0.750923
0.343579
0.997156
0.977922
7.24829
1.0373
4.74297
1.35794
1.88922
2.66249
4.43761
0.139771
0.670582
0.075504
3.88765
4.55768
0.786069
0.13082
0.454549
0.11389
0.138866
2.78694
0.891313
0.966893
0.568748
2.12688
0.416153
1.04716
0.758227
2.55195
0.372888
0.440128
0.279648
1.21416
0.0834877
1.25357
3.1413
0.646876
2.32101
0.292843
1.08982
0.252149
0.154168
0.683551
0.798749
1.21386
2.31747
4.88147
0.341767
0.536428
0.33669
1.38469
0.861731
0.136165
4.11356
0.194338
2.31988
1.14696
0.966768
4.12232
3.46715
0.219807
3.97746
0.933511
0.580112
1.37445
0.600978
0.304873
0.162011
0.672945
0.524235
0.58138
0.31587
0.302957
0.392503
3.09415
1.49115
8.15473
2.23755
1.64081
5.94256
0.153577
6.21633
3.74764
0.217825
0.0689653
0.583934
0.245229
0.694464
2.5613
3.24961
1.928
1.91954
2.61775
0.974991
1.27532
1.85168
0.424931
3.7119
0.740557
0.389437
3.19633
4.84774
1.24628
2.20737
1.68308
0.788758
0.894191
3.18086
0.874431
0.133436
0.172687
1.37616
11.0643
0.848862
1.41227
0.757909
0.667949
3.33504
0.606938
1.14616
1.30466
0.431339
3.51327
0.928583
0.538889
0.464023
7.03499
1.28313
1.14032
0.314163
1.18456
0.023003
0.455995
2.67346
0.617982
3.0368
0.761759
0.957494
0.490655
0.367267
3.47298
0.0978554
1.06797
0.457109
0.772032
0.279107
0.73561
0.379282
0.853342
0.498065
11.4385
1.86635
0.570423
0.550136
0.628605
2.19234
0.602898
0.158467
0.301333
2.44215
0.211164
1.83182
0.217494
2.27285
0.105898
0.66674
0.259365
0.224806
2.14053
6.33292
0.259517
1.39183
6.87166
1.55943
0.18839
1.29264
5.70311
1.95787
0.126502
1.53832
9.88375
1.14214
0.976334
0.614278
0.909382
2.90387
4.59515
0.307672
7.09096
2.74887
0.339482
5.17074
1.9586
15.4645
0.599241
3.15969
0.195736
1.5467
2.0933
0.323907
0.293062
1.66886
0.601928
0.828865
0.278468
0.515933
0.441567
0.776964
0.288851
0.855103
0.361022
1.32466
0.386256
5.68268
3.70442
0.452128
0.860065
1.51882
0.665982
2.87125
4.23964
0.744638
4.75457
0.493156
4.43741
0.222672
0.830643
0.820349
1.37862
1.14313
7.7078
0.809209
0.663429
0.839866
0.529453
0.343941
0.257884
0.297314
0.34827
1.64012
2.0854
0.0662442
4.82054
0.162369
4.59028
2.25605
1.46134
0.485435
0.682574
1.99928
1.76547
2.62623
1.22909
0.706132
1.34802
0.220335
0.507355
0.185471
2.70487
0.0968394
0.504748
0.337409
2.51123
4.60016
8.93473
1.4454
1.35757
1.33956
2.89493
3.13736
1.67264
0.827036
0.127553
0.819474
7.20055
0.985326
1.53883
6.28203
2.63206
0.169917
0.210547
1.21067
1.14726
2.893
0.428436
0.407881
0.44794
1.88624
2.32207
0.387485
1.36856
2.57888
1.6645
0.589974
9.3129
0.994948
0.184605
0.838695
2.49039
1.24525
1.501
0.924579
1.35834
0.16424
7.34152
0.10743
2.81468
2.53117
0.401843
1.24395
3.61051
1.69124
2.15764
0.171906
0.941296
0.439633
16.7023
1.44831
0.210112
0.416265
0.29912
1.87011
1.01176
7.06667
0.0555442
0.168789
3.54039
9.90306
0.856241
0.795235
1.08625
0.0272479
2.08509
2.07573
0.422037
1.82081
0.222098
0.38777
0.248117
4.72295
0.647345
1.10245
2.80044
5.69707
0.295352
0.113926
1.62731
4.73653
0.599341
0.163486
1.51627
0.444454
1.0785
1.67153
0.195922
0.765343
1.5638
0.796432
0.444848
9.41756
0.0293503
6.94818
0.572686
0.241609
12.0005
3.67498
0.514296
0.860596
1.93487
7.25448
0.411254
0.581436
0.597926
0.507044
3.96312
4.16592
0.826369
1.84882
1.6626
0.850261
0.432369
2.7642
1.2853
5.1798
4.75152
0.444843
1.67931
2.08004
0.360838
2.15187
1.80145
3.02481
1.98295
0.297176
2.27083
3.20131
1.76205
8.7032
2.3603
1.23362
0.320032
8.25418
1.17757
0.628303
0.326263
2.27171
7.51075
0.597311
1.83492
1.9657
1.66601
0.398581
2.64078
0.435172
0.668157
0.165578
3.75864
6.64856
2.32013
2.00971
0.45832
1.56174
0.876413
0.859633
2.79922
0.588687
1.36377
0.685158
2.01056
0.347673
0.944102
0.218351
0.455192
1.03968
2.3126
0.544101
0.702592
1.51999
0.19111
0.252964
0.963769
0.282627
0.397301
0.908192
0.211131
0.94258
1.63452
3.92271
0.881689
4.21461
0.23128
8.40597
0.856033
1.02057
4.76862
0.693715
1.30652
0.577586
0.67988
0.926712
0.791265
1.3676
0.0398257
2.80015
0.474275
2.72779
0.648566
8.86603
2.39767
0.701807
0.63087
1.14725
0.851421
0.0358066
0.200953
2.7416
0.942043
1.93022
2.06415
0.437908
0.429752
1.03314
0.884521
0.659486
1.29143
1.38568
1.1806
0.611537
0.482593
0.861161
0.36021
1.20911
0.213975
0.611061
0.21449
1.53621
0.449684
0.871236
1.1508
13.3347
5.87201
1.44666
1.09161
0.763217
1.56866
0.564017
0.714103
0.439502
1.32404
0.356906
0.252399
0.661994
1.28568
1.82474
13.0831
0.293976
0.562984
9.31577
0.81776
1.56442
5.50218
1.44011
