0.082 0.007959740423577116
0.095 0.009288279858878116
0.105 0.010413424133716735
0.11 0.011010307315308112
0.12 0.012273544947257964
0.13 0.013775769871355746
0.15 0.017290069928603716
0.16 0.019050978078232996
0.17 0.020850906741132668
0.19 0.02460688092519265
0.21 0.028361229810107337
0.22 0.030337443793469608
0.24 0.034719386068568385
0.26 0.039479944421702086
0.29 0.04684068505843413
0.31 0.052063843453917694
0.34 0.06025463032606141
0.36 0.06578187021509083
0.39 0.07442907699143333
0.43 0.0863792671599827
0.46 0.09569457170418973
0.5 0.10880757211046965
0.54 0.12165803847873842
0.58 0.13421389332655226
0.62 0.14694252677508343
0.67 0.162999161319723
0.72 0.1791905620296897
0.77 0.19555717788778523
0.83 0.21531190294818892
0.89 0.2345220424860043
0.96 0.2560923459002718
1.02 0.27436815834073824
1.09 0.2957705944091538
1.17 0.3191750094698975
1.25 0.3415823458787678
1.34 0.36640639138359893
1.42 0.38751458609367284
1.52 0.412301333125694
1.62 0.43572611271421074
1.72 0.45807356454043724
1.83 0.48155817316005245
1.95 0.5061526894365977
2.07 0.5296110328783289
2.2 0.5529987182424011
2.33 0.574689858901441
2.48 0.5981788631491579
2.62 0.6188303016897443
2.78 0.6405320907333937
2.94 0.6605712049232275
3.12 0.6816803293908422
3.3 0.7008742982420041
3.49 0.7191447837752225
3.69 0.7363542738016438
4.12 0.7682802348418472
4.59 0.7970948792448256
5.11 0.8234075680991861
5.68 0.847246387509127
6.3 0.8678453105224994
6.99 0.8862963835244246
7.74 0.9026487496791368
8.57 0.9170626212546743
9.48 0.9293795093219807
10.48 0.9402754901191743
11.57 0.9497792284477123
12.77 0.9580444652000485
14.09 0.9650275591024898
15.54 0.9709340763635826
17.12 0.9760291599716385
18.86 0.9804651419436995
20.76 0.9843027105519194
22.85 0.9876007585377885
25.15 0.9903545405399523
27.66 0.9927216993382229
30.42 0.9948061627960656
33.44 0.9965009760766554
36.75 0.9978616886322973
40.39 0.9990070473390827
44.37 1.0