0.1575 0.0015923972873962329
0.4725 0.00816968465534943
0.7875 0.022572798411647915
1.1025 0.04555406997579648
1.4175 0.07704148320213078
1.7325 0.11635499522340113
2.0475 0.16203002577406278
2.3625 0.21175414959870092
2.6775 0.2640788701058721
2.9925 0.31754003446456536
3.3075 0.3698971107885653
3.6225 0.4200377877970472
3.9375 0.4682898393788409
4.2525 0.5150295507502716
4.5675 0.5588725995023298
4.8825 0.5997468512932659
5.1975 0.6380205128280193
5.5125 0.6727973771358222
5.8275 0.7038933064958088
6.1425 0.7316203333481732
6.4575 0.7567626386332628
6.7725 0.7801125137738996
7.0875 0.800925829641746
7.4025 0.8191944431594714
7.7175 0.8357506249503946
8.0325 0.8508344356383
8.3475 0.8644938857312727
8.6625 0.8773290578385596
8.9775 0.8891000655299611
9.2925 0.8991346267655816
9.6075 0.908104873402356
9.9225 0.916202924621966
10.2375 0.9235167536292372
10.5525 0.9305745015248164
10.8675 0.9369201386134006
11.1825 0.9421054677990427
11.4975 0.9467786283601477
11.8125 0.9510677201947461
12.1275 0.9550447008143204
12.4425 0.9590456913651589
12.7575 0.9627426228091593
13.0725 0.9660554500635743
13.3875 0.9690242115997341
13.7025 0.9715608573444786
14.0175 0.9739214395517036
14.3325 0.9761460029918281
14.6475 0.978042489244667
14.9625 0.9796749001707313
15.2775 0.9812352845881613
15.5925 0.9828036712481042
15.9075 0.9844200649112511
16.2225 0.9858684436655484
16.5375 0.9870287371899988
16.8525 0.9881410093077
17.1675 0.98924528558436
17.4825 0.9902535414531449
17.7975 0.991149767652891
18.1125 0.9919419696016447
18.4275 0.99261414283974
18.7425 0.9932062905526211
19.0575 0.99373442520203
19.3725 0.9942705524662272
19.6875 0.9948947042975732
20.0025 0.9954548526678122
20.3175 0.995870960823716
20.6325 0.9962630558756539
20.9475 0.9967271662335769
21.2625 0.9971032729871783
21.5775 0.9973753370979132
21.8925 0.9976714111118467
22.2075 0.9979354787515685
22.5225 0.9981435333147106
22.8375 0.9983035744730533
23.1525 0.9984636124306286
23.4675 0.9986716605921729
23.7825 0.998879715155315
24.0975 0.9990077515398613
24.4125 0.9990957724335434
24.7275 0.9991837949276093
25.0425 0.9992718158212914
25.3575 0.9993358348137564
25.6725 0.9993998474046553
25.9875 0.9994798687840184
26.3025 0.999543884733209
26.6175 0.9995838970863029
26.9325 0.9996159033659999
27.2475 0.9996479128464831
27.5625 0.9997039226277808
27.8775 0.9997839440071441
28.1925 0.9998319575694364
28.5075 0.9998559643348334
28.8225 0.9998879706145303
29.1375 0.9999199800950135
29.4525 0.9999439852600078
29.7675 0.9999759932346031
30.0825 1.0