0.16 0.0012639401437680772
0.48 0.007335301138800099
0.8 0.02090226089967045
1.12 0.04334069271933838
1.44 0.0749146845171686
1.76 0.11404832693937188
2.08 0.15926984966423627
2.4 0.2097952390915116
2.72 0.26339257680257705
3.04 0.31728591634097825
3.36 0.3705394300910684
3.68 0.4226250958732698
4.0 0.47243090751444894
4.32 0.5193167640762688
4.64 0.5637227064336751
4.96 0.6044650344516681
5.28 0.6417993667763049
5.6 0.676141907677855
5.92 0.7073004759702023
6.24 0.7356432986175859
6.56 0.7604822829806881
6.88 0.7827053161587046
7.2 0.8027924798627473
7.52 0.821055663291622
7.84 0.8382548834264733
8.16 0.8538782390191977
8.48 0.8679336201539811
8.8 0.880589110553222
9.12 0.8916926386600539
9.44 0.9018281948537022
9.76 0.91059587503881
10.08 0.9184594815705593
10.4 0.9257951954916849
10.72 0.9322829079293886
11.04 0.9380106945832908
11.36 0.9430344644320172
11.68 0.9477302529211736
12.0 0.9519620822558974
12.32 0.9561778610294663
12.64 0.9602337149611978
12.96 0.9636975732315327
13.28 0.9668654376722923
13.6 0.9697293174002614
13.92 0.9723292020248462
14.24 0.9745051315065594
14.56 0.9764330300505749
14.88 0.9784009406035936
15.2 0.9803208482653542
15.52 0.9821047765335972
15.84 0.9836887071542006
16.16 0.985152643345671
16.48 0.9864565922985629
16.8 0.9876565349870668
17.12 0.9888404799116909
17.44 0.989816452305458
17.76 0.9907044001991988
18.08 0.9915843700101664
18.4 0.9923283364290504
18.72 0.9930563002842463
19.04 0.993704278519434
19.36 0.9942962469820662
19.68 0.9947842363789015
20.0 0.995224206884962
20.32 0.9957281860458382
20.64 0.996144172705566
20.96 0.9964641604623626
21.28 0.9967601454935827
21.6 0.9970241367568922
21.92 0.9972241296048481
22.24 0.9974161189310659
22.56 0.9976161101791178
22.88 0.9978560939170429
23.2 0.9980960872545195
23.52 0.998272080416761
23.84 0.9984480703791626
24.16 0.9986080659374696
24.48 0.9987520574921626
24.8 0.9988560581568863
25.12 0.9989440500182201
25.44 0.9990640450870384
25.76 0.9991760396739808
26.08 0.9992560390530543
26.4 0.999296037942639
26.72 0.9993200375643752
27.04 0.9993360368002219
27.36 0.9993600348220414
27.68 0.9994000321116902
28.0 0.999448029883215
28.32 0.9994800299868272
28.64 0.9995040280086466
28.96 0.9995360264163553
29.28 0.9995760237060041
30.56 0.9998640007355989
30.88 0.999935999792774
31.52 1.0