0.082 0.027972659740271192
0.095 0.032486175715673714
0.105 0.036120926906341236
0.11 0.038129784420181986
0.12 0.04260009961984542
0.13 0.0475276087448284
0.15 0.0587285448078506
0.16 0.06451416226450946
0.17 0.07024820104323257
0.19 0.08248061313038735
0.21 0.09513905959613655
0.22 0.10136674346508712
0.24 0.11377989868044859
0.26 0.12665952728752772
0.29 0.1467754016867744
0.31 0.16025501269120523
0.34 0.18024416808632046
0.36 0.19340307972556894
0.39 0.2125390535841804
0.43 0.23725663279470666
0.46 0.25535599903576356
0.5 0.27851151545679353
0.54 0.30117430682935387
0.58 0.3233719369786371
0.62 0.34445085837942707
0.67 0.3690905652180044
0.72 0.39238429767235933
0.77 0.4150764627020155
0.83 0.4405271064229483
0.89 0.4640681233733985
0.96 0.49008962987104404
1.02 0.5111283974574986
1.09 0.5337517021362029
1.17 0.5575159010921272
1.25 0.5797411951498221
1.34 0.6025379748017157
1.42 0.6212889195632798
1.52 0.6431971098584847
1.62 0.6631368636735625
1.72 0.681217369180333
1.83 0.6995605747034053
1.95 0.7180666464628991
2.07 0.7348480301927791
2.2 0.751252442404118
2.33 0.7663726037130286
2.48 0.7821818759255078
2.62 0.7952259704808061
2.78 0.8087920031728973
2.94 0.821312534607812
3.12 0.8341353875075839
3.3 0.8456552751237845
3.49 0.8564121695528301
3.69 0.8661895901366932
4.12 0.8842473308056942
4.59 0.9003620336362104
5.11 0.9144837370963487
5.68 0.9268355461021541
6.3 0.9374752919249735
6.99 0.9467704937092084
7.74 0.95472658905213
8.57 0.9617063586766796
9.48 0.9676884290213136
10.48 0.9729362747183186
11.57 0.9774431280201473
12.77 0.9811556841862682
14.09 0.9843351615658406
15.54 0.9872160275812661
17.12 0.989594317072382
18.86 0.9915207001355568
20.76 0.9931736577650657
22.85 0.9945969640850074
25.15 0.9957853682696998
27.66 0.9967699161411486
30.42 0.9976405885067238
33.44 0.9983972636908905
36.75 0.999032904722474
40.39 0.9995621643698476
44.37 1.0